S	E	I	R
155	2	2	0
155	1	3	0
154	2	3	0
154	2	3	0
154	2	3	0
153	3	3	0
153	3	3	0
153	2	4	0
152	3	4	0
152	3	4	0
152	3	4	0
152	3	4	0
152	3	4	0
152	3	4	0
152	3	4	0
152	3	4	0
152	3	4	0
152	3	4	0
152	3	4	0
152	3	4	0
152	3	4	0
152	3	4	0
152	3	4	0
152	3	4	0
152	3	4	0
152	2	5	0
152	2	5	0
152	1	6	0
152	1	6	0
152	1	6	0
151	2	6	0
151	2	6	0
151	2	6	0
151	2	6	0
151	2	6	0
151	2	6	0
151	2	6	0
150	3	6	0
150	2	7	0
150	2	7	0
149	3	7	0
149	3	7	0
149	3	7	0
149	3	7	0
149	3	7	0
149	3	7	0
149	1	9	0
147	3	9	0
145	5	9	0
145	4	10	0
144	5	10	0
144	5	10	0
144	5	10	0
144	5	10	0
144	5	10	0
144	4	11	0
144	4	11	0
144	3	12	0
144	3	12	0
144	3	12	0
144	3	12	0
144	3	12	0
144	3	12	0
144	3	12	0
144	3	12	0
144	3	12	0
144	3	12	0
144	3	12	0
144	3	12	0
144	3	12	0
144	2	13	0
144	2	13	0
144	2	13	0
144	2	13	0
144	2	13	0
143	3	13	0
143	3	13	0
143	3	13	0
143	3	13	0
143	3	13	0
143	2	14	0
143	2	14	0
143	2	14	0
143	2	14	0
143	2	14	0
143	2	14	0
143	1	15	0
142	1	16	0
142	1	16	0
142	1	16	0
142	1	16	0
142	1	16	0
142	1	16	0
142	1	16	0
142	1	16	0
141	2	16	0
141	2	16	0
141	2	16	0
141	2	16	0
141	2	16	0
141	2	16	0
141	2	16	0
141	2	16	0
141	2	16	0
141	1	17	0
141	1	17	0
141	1	17	0
141	1	17	0
141	1	17	0
141	1	17	0
141	1	17	0
141	1	17	0
141	1	17	0
141	1	17	0
141	1	17	0
141	1	17	0
141	1	17	0
141	1	17	0
140	2	17	0
140	2	17	0
139	3	17	0
139	3	17	0
139	3	17	0
139	2	18	0
139	2	18	0
139	2	18	0
139	1	18	1
138	2	18	1
138	2	18	1
138	2	18	1
138	1	19	1
138	1	19	1
138	1	19	1
138	1	19	1
138	1	19	1
138	1	19	1
138	1	19	1
138	1	19	1
138	1	19	1
138	1	19	1
138	1	19	1
138	1	19	1
138	1	19	1
138	1	19	1
138	1	19	1
138	1	19	1
138	1	19	1
138	1	19	1
138	1	19	1
138	1	19	1
138	1	19	1
138	1	19	1
138	1	19	1
138	1	19	1
138	1	19	1
138	1	19	1
138	1	19	1
138	1	19	1
138	1	19	1
138	1	19	1
138	1	19	1
138	0	20	1
137	0	21	1
137	0	21	1
137	0	21	1
137	0	21	1
137	0	21	1
137	0	21	1
137	0	21	1
137	0	21	1
137	0	21	1
137	0	21	1
137	0	21	1
137	0	21	1
137	0	21	1
137	0	21	1
137	0	20	2
137	0	20	2
137	0	20	2
137	0	20	2
137	0	20	2
137	0	20	2
137	0	20	2
137	0	20	2
137	0	20	2
137	0	20	2
137	0	20	2
137	0	20	2
137	0	20	2
137	0	20	2
137	0	20	2
137	0	20	2
137	0	20	2
137	0	20	2
137	0	20	2
137	0	20	2
137	0	20	2
137	0	20	2
137	0	20	2
137	0	20	2
137	0	20	2
137	0	20	2
137	0	20	2
137	0	20	2
137	0	20	2
137	0	20	2
137	0	20	2
137	0	20	2
137	0	20	2
137	0	20	2
137	0	20	2
137	0	20	2
137	0	20	2
137	0	20	2
137	0	20	2
137	0	20	2
137	0	20	2
137	0	20	2
137	0	20	2
137	0	20	2
137	0	20	2
137	0	20	2
137	0	20	2
137	0	20	2
137	0	20	2
137	0	20	2
137	0	20	2
137	0	20	2
137	0	20	2
137	0	20	2
137	0	20	2
137	0	20	2
137	0	20	2
137	0	20	2
137	0	20	2
137	0	20	2
137	0	20	2
137	0	20	2
137	0	20	2
137	0	20	2
137	0	20	2
137	0	20	2
137	0	20	2
137	0	20	2
137	0	20	2
137	0	20	2
137	0	20	2
137	0	20	2
137	0	20	2
137	0	20	2
137	0	20	2
137	0	20	2
137	0	20	2
137	0	20	2
137	0	20	2
137	0	20	2
137	0	20	2
137	0	20	2
137	0	20	2
137	0	20	2
137	0	20	2
137	0	20	2
137	0	20	2
137	0	20	2
137	0	20	2
137	0	20	2
137	0	20	2
137	0	20	2
137	0	20	2
137	0	20	2
137	0	20	2
137	0	20	2
137	0	20	2
137	0	20	2
137	0	20	2
137	0	20	2
137	0	20	2
137	0	20	2
137	0	20	2
137	0	20	2
137	0	20	2
137	0	20	2
137	0	20	2
137	0	20	2
137	0	19	3
137	0	19	3
137	0	18	4
137	0	18	4
137	0	18	4
137	0	18	4
137	0	18	4
137	0	18	4
137	0	18	4
137	0	18	4
137	0	18	4
137	0	18	4
137	0	18	4
137	0	18	4
137	0	18	4
137	0	18	4
137	0	18	4
137	0	18	4
137	0	18	4
137	0	18	4
137	0	18	4
137	0	18	4
137	0	18	4
137	0	18	4
137	0	18	4
137	0	18	4
137	0	18	4
137	0	18	4
137	0	18	4
137	0	18	4
137	0	18	4
137	0	18	4
137	0	18	4
137	0	18	4
137	0	18	4
137	0	18	4
137	0	18	4
137	0	18	4
137	0	18	4
137	0	18	4
137	0	18	4
137	0	18	4
137	0	18	4
137	0	18	4
137	0	18	4
137	0	18	4
137	0	18	4
137	0	18	4
137	0	18	4
137	0	18	4
137	0	18	4
137	0	18	4
137	0	18	4
137	0	18	4
137	0	18	4
137	0	18	4
137	0	17	5
137	0	16	6
137	0	16	6
137	0	16	6
137	0	16	6
137	0	16	6
137	0	16	6
137	0	16	6
137	0	16	6
137	0	16	6
137	0	16	6
137	0	16	6
137	0	16	6
137	0	16	6
137	0	16	6
137	0	16	6
137	0	16	6
137	0	16	6
137	0	16	6
137	0	16	6
137	0	16	6
137	0	16	6
137	0	16	6
137	0	16	6
137	0	16	6
137	0	16	6
137	0	16	6
137	0	16	6
137	0	16	6
137	0	16	6
137	0	16	6
137	0	16	6
137	0	16	6
137	0	16	6
138	0	16	5
137	1	16	5
137	1	16	5
137	1	16	5
137	1	15	6
137	1	15	6
137	1	15	6
137	0	16	6
137	0	16	6
137	0	16	6
137	0	16	6
137	0	16	6
137	0	16	6
137	0	16	6
137	0	16	6
137	0	16	6
137	0	16	6
137	0	16	6
137	0	16	6
137	0	16	6
137	0	16	6
137	0	16	6
137	0	16	6
137	0	16	6
137	0	16	6
137	0	16	6
137	0	16	6
137	0	16	6
137	0	16	6
137	0	16	6
137	0	16	6
137	0	16	6
137	0	16	6
137	0	16	6
137	0	16	6
137	0	16	6
137	0	16	6
137	0	16	6
137	0	16	6
137	0	16	6
137	0	16	6
137	0	16	6
137	0	16	6
137	0	16	6
137	0	16	6
137	0	16	6
137	0	16	6
137	0	16	6
137	0	16	6
136	1	16	6
135	2	16	6
135	1	17	6
135	1	17	6
135	1	17	6
135	1	17	6
135	1	17	6
135	1	17	6
135	1	17	6
135	1	17	6
135	1	17	6
135	1	17	6
135	1	17	6
135	1	17	6
135	1	17	6
135	1	17	6
135	1	17	6
135	1	17	6
136	1	17	5
136	1	17	5
136	1	17	5
136	1	17	5
136	1	17	5
136	1	17	5
136	1	17	5
136	1	17	5
136	1	17	5
136	1	17	5
136	1	17	5
136	1	17	5
136	1	16	6
136	1	16	6
136	1	16	6
136	1	16	6
136	1	16	6
136	1	16	6
136	1	16	6
136	1	16	6
136	0	17	6
136	0	17	6
136	0	17	6
136	0	17	6
136	0	17	6
136	0	17	6
136	0	17	6
136	0	17	6
136	0	17	6
136	0	17	6
136	0	17	6
136	0	17	6
136	0	17	6
136	0	17	6
136	0	17	6
136	0	17	6
136	0	17	6
136	0	17	6
136	0	17	6
136	0	17	6
136	0	17	6
136	0	17	6
136	0	17	6
136	0	17	6
136	0	17	6
136	0	17	6
136	0	17	6
136	0	17	6
136	0	17	6
136	0	17	6
136	0	17	6
136	0	17	6
136	0	17	6
135	1	17	6
135	1	17	6
135	1	17	6
135	1	17	6
135	1	17	6
135	1	17	6
135	1	17	6
135	1	17	6
135	1	17	6
135	1	17	6
135	1	17	6
135	1	17	6
135	1	17	6
135	1	17	6
135	1	17	6
135	1	17	6
135	1	17	6
135	1	17	6
135	1	17	6
135	1	17	6
135	1	17	6
135	0	18	6
135	0	18	6
134	1	18	6
134	1	18	6
134	1	18	6
134	1	18	6
134	1	18	6
134	1	18	6
134	1	18	6
134	1	18	6
134	1	18	6
134	1	18	6
134	1	18	6
134	1	18	6
134	1	18	6
134	0	19	6
134	0	18	7
134	0	18	7
134	0	18	7
134	0	18	7
134	0	18	7
134	0	18	7
134	0	18	7
134	0	18	7
134	0	18	7
134	0	18	7
134	0	18	7
134	0	18	7
134	0	18	7
134	0	18	7
135	0	18	6
134	1	18	6
134	1	18	6
134	1	18	6
134	1	18	6
134	1	18	6
134	1	18	6
134	1	18	6
134	1	18	6
134	1	18	6
134	1	18	6
134	1	18	6
134	1	18	6
134	1	18	6
134	1	18	6
134	1	18	6
134	1	18	6
134	1	18	6
134	1	17	7
134	1	17	7
133	2	17	7
133	2	17	7
133	2	17	7
133	1	18	7
133	1	18	7
133	1	18	7
133	1	18	7
133	1	18	7
133	1	18	7
133	1	18	7
133	1	18	7
133	1	18	7
133	1	18	7
133	1	18	7
133	1	18	7
133	1	18	7
133	1	18	7
133	1	18	7
133	1	18	7
133	1	18	7
133	1	18	7
133	1	18	7
133	0	19	7
133	0	19	7
133	0	19	7
133	0	19	7
133	0	19	7
133	0	19	7
133	0	19	7
133	0	19	7
133	0	19	7
133	0	19	7
133	0	19	7
133	0	19	7
133	0	19	7
133	0	19	7
133	0	19	7
133	0	19	7
133	0	19	7
133	0	19	7
133	0	19	7
133	0	19	7
133	0	19	7
133	0	19	7
133	0	19	7
133	0	19	7
133	0	19	7
133	0	19	7
133	0	19	7
133	0	19	7
133	0	19	7
133	0	19	7
133	0	19	7
133	0	19	7
133	0	19	7
133	0	19	7
133	0	19	7
133	0	19	7
133	0	19	7
133	0	19	7
133	0	19	7
133	0	19	7
133	0	19	7
133	0	19	7
133	0	19	7
133	0	19	7
133	0	19	7
133	0	19	7
133	0	19	7
133	0	19	7
133	0	19	7
133	0	19	7
133	0	19	7
133	0	19	7
133	0	19	7
133	0	19	7
133	0	19	7
133	0	19	7
133	0	19	7
133	0	19	7
133	0	19	7
133	0	19	7
133	0	19	7
133	0	19	7
133	0	19	7
133	0	19	7
133	0	19	7
133	0	19	7
133	0	19	7
133	0	19	7
133	0	19	7
133	0	19	7
133	0	19	7
133	0	19	7
133	0	19	7
133	0	19	7
133	0	19	7
133	0	19	7
133	0	19	7
133	0	19	7
133	0	19	7
133	0	19	7
133	0	19	7
133	0	19	7
133	0	19	7
133	0	19	7
133	0	19	7
133	0	19	7
133	0	19	7
133	0	19	7
133	0	19	7
133	0	19	7
133	0	19	7
133	0	19	7
133	0	19	7
133	0	19	7
133	0	19	7
133	0	19	7
133	0	19	7
133	0	19	7
133	0	19	7
133	0	19	7
133	0	19	7
133	0	19	7
133	0	19	7
133	0	19	7
133	0	19	7
133	0	19	7
133	0	19	7
133	0	19	7
133	0	19	7
133	0	19	7
133	0	19	7
133	0	19	7
133	0	19	7
133	0	19	7
133	0	19	7
133	0	19	7
133	0	19	7
133	0	19	7
133	0	19	7
133	0	19	7
133	0	19	7
133	0	19	7
133	0	19	7
133	0	19	7
133	0	19	7
132	0	20	7
131	1	20	7
131	1	20	7
131	1	20	7
131	1	20	7
131	1	20	7
131	1	20	7
131	1	20	7
131	1	20	7
131	1	20	7
131	1	20	7
131	1	20	7
131	0	21	7
131	0	21	7
131	0	21	7
131	0	21	7
131	0	21	7
131	0	21	7
131	0	21	7
131	0	21	7
131	0	21	7
131	0	21	7
131	0	21	7
131	0	21	7
131	0	21	7
131	0	21	7
131	0	21	7
131	0	21	7
131	0	21	7
131	0	21	7
131	0	21	7
131	0	21	7
131	0	21	7
131	0	21	7
131	0	21	7
131	0	21	7
131	0	21	7
130	1	21	7
130	1	21	7
130	1	21	7
130	1	21	7
130	1	21	7
130	1	21	7
130	1	21	7
130	1	21	7
130	1	21	7
130	1	21	7
130	1	21	7
130	1	21	7
130	1	21	7
130	1	21	7
130	1	21	7
130	1	21	7
130	1	21	7
130	1	21	7
130	1	21	7
129	2	21	7
129	2	21	7
129	2	21	7
129	2	21	7
129	2	21	7
129	2	21	7
129	2	21	7
129	1	22	7
128	2	22	7
128	2	22	7
128	2	21	8
128	2	21	8
128	2	20	9
128	2	20	9
129	1	21	8
129	1	21	8
129	1	21	8
129	1	21	8
129	1	21	8
129	1	21	8
129	1	21	8
129	1	21	8
129	1	21	8
129	1	21	8
129	1	21	8
129	1	21	8
129	1	21	8
129	1	21	8
129	1	21	8
129	1	21	8
129	1	21	8
129	1	21	8
129	1	21	8
129	1	21	8
129	1	21	8
129	1	21	8
129	0	21	9
129	0	21	9
129	0	21	9
129	0	21	9
129	0	20	10
129	0	20	10
129	0	20	10
129	0	20	10
129	0	20	10
129	0	20	10
129	0	20	10
129	0	20	10
129	0	20	10
129	0	20	10
129	0	20	10
129	0	20	10
129	0	20	10
129	0	20	10
129	0	20	10
129	0	20	10
129	0	20	10
129	0	20	10
129	0	20	10
129	0	20	10
129	0	20	10
129	0	20	10
129	0	20	10
129	0	19	11
128	1	19	11
128	1	19	11
128	1	19	11
128	1	19	11
128	1	19	11
128	1	19	11
128	1	19	11
128	1	19	11
128	1	19	11
128	1	19	11
128	1	19	11
128	1	19	11
128	1	19	11
128	1	19	11
128	0	20	11
128	0	20	11
128	0	20	11
128	0	20	11
128	0	20	11
128	0	20	11
128	0	20	11
128	0	20	11
128	0	20	11
128	0	20	11
128	0	20	11
128	0	20	11
128	0	20	11
128	0	20	11
128	0	20	11
128	0	20	11
128	0	20	11
128	0	20	11
128	0	20	11
128	0	20	11
128	0	20	11
128	0	20	11
128	0	20	11
128	0	20	11
128	0	20	11
128	0	20	11
128	0	20	11
128	0	20	11
128	0	20	11
128	0	20	11
128	0	20	11
128	0	20	11
128	0	20	11
128	0	20	11
128	0	20	11
128	0	20	11
128	0	20	11
128	0	20	11
128	0	20	11
128	0	20	11
128	0	20	11
128	0	20	11
128	0	20	11
128	0	20	11
128	0	20	11
128	0	20	11
128	0	20	11
128	0	20	11
128	0	20	11
128	0	20	11
128	0	20	11
128	0	20	11
128	0	20	11
128	0	20	11
128	0	20	11
128	0	20	11
128	0	20	11
128	0	20	11
128	0	20	11
128	0	20	11
128	0	20	11
128	0	20	11
128	0	20	11
128	0	20	11
128	0	20	11
128	0	20	11
128	0	20	11
128	0	20	11
128	0	20	11
128	0	20	11
128	0	20	11
128	0	20	11
128	0	20	11
128	0	20	11
128	0	20	11
128	0	20	11
128	0	20	11
128	0	20	11
128	0	20	11
128	0	20	11
128	0	20	11
128	0	20	11
128	0	20	11
128	0	20	11
128	0	20	11
128	0	20	11
128	0	20	11
128	0	20	11
128	0	20	11
128	0	20	11
128	0	20	11
128	0	20	11
128	0	20	11
128	0	20	11
128	0	20	11
128	0	20	11
128	0	20	11
128	0	20	11
128	0	20	11
128	0	20	11
128	0	20	11
128	0	20	11
128	0	20	11
128	0	20	11
128	0	20	11
128	0	20	11
128	0	19	12
128	0	19	12
128	0	19	12
128	0	19	12
128	0	19	12
128	0	19	12
128	0	19	12
128	0	19	12
128	0	19	12
128	0	19	12
128	0	19	12
128	0	19	12
128	0	19	12
128	0	19	12
128	0	19	12
128	0	19	12
128	0	19	12
128	0	19	12
128	0	19	12
128	0	19	12
128	0	19	12
128	0	19	12
128	0	19	12
128	0	19	12
128	0	19	12
127	1	19	12
127	1	19	12
127	1	19	12
127	1	19	12
127	1	19	12
127	1	19	12
127	1	19	12
127	1	19	12
127	1	19	12
127	0	20	12
127	0	20	12
127	0	20	12
127	0	20	12
127	0	20	12
127	0	20	12
128	0	20	11
128	0	20	11
128	0	20	11
128	0	20	11
128	0	20	11
128	0	20	11
128	0	20	11
128	0	20	11
